>> infer_from_ranks
infer_from_ranks
 
Calling sedumi: 10325 variables, 5001 equality constraints
------------------------------------------------------------
SeDuMi 1.21 by AdvOL, 2005-2008 and Jos F. Sturm, 1998-2003.
Alg = 2: xz-corrector, Adaptive Step-Differentiation, theta = 0.250, beta = 0.500
eqs m = 5001, order n = 10026, dim = 10626, blocks = 2
nnz(A) = 29303 + 0, nnz(ADA) = 23069007, nnz(L) = 11537004
 it :     b*y       gap    delta  rate   t/tP*  t/tD*   feas cg cg  prec
  0 :            2.52E+03 0.000
  1 :   8.64E+02 1.53E+03 0.000 0.6076 0.9000 0.9000   3.00  1  1  2.3E+01
  2 :   1.05E+03 8.81E+02 0.000 0.5747 0.9000 0.9000   1.70  1  1  1.2E+01
  3 :   1.03E+03 4.59E+02 0.000 0.5209 0.9000 0.9000   1.12  1  1  6.8E+00
  4 :   9.19E+02 2.37E+02 0.000 0.5155 0.9000 0.9000   0.81  1  1  4.1E+00
  5 :   8.14E+02 1.30E+02 0.000 0.5479 0.9000 0.9000   0.66  1  1  2.7E+00
  6 :   7.19E+02 6.94E+01 0.000 0.5356 0.9000 0.9000   0.60  1  1  1.7E+00
  7 :   6.57E+02 4.35E+01 0.000 0.6265 0.9000 0.9000   0.58  1  1  1.3E+00
  8 :   6.06E+02 2.85E+01 0.000 0.6547 0.9000 0.9000   0.58  1  1  9.7E-01
  9 :   5.70E+02 2.04E+01 0.000 0.7167 0.9000 0.9000   0.58  1  1  7.9E-01
 10 :   5.37E+02 1.40E+01 0.000 0.6876 0.9000 0.9000   0.58  1  1  6.2E-01
 11 :   5.10E+02 1.02E+01 0.000 0.7264 0.9000 0.9000   0.61  1  1  5.0E-01
 12 :   4.90E+02 7.62E+00 0.000 0.7469 0.9000 0.9000   0.60  1  1  4.2E-01
 13 :   4.68E+02 5.23E+00 0.000 0.6863 0.9000 0.9000   0.58  1  1  3.4E-01
 14 :   4.52E+02 3.93E+00 0.000 0.7509 0.9000 0.9000   0.61  1  1  2.8E-01
 15 :   4.41E+02 3.14E+00 0.000 0.8006 0.9000 0.9000   0.63  1  1  2.4E-01
 16 :   4.31E+02 2.50E+00 0.000 0.7961 0.9000 0.9000   0.61  1  1  2.1E-01
 17 :   4.17E+02 1.73E+00 0.000 0.6917 0.9000 0.9000   0.65  1  1  1.6E-01
 18 :   4.10E+02 1.41E+00 0.000 0.8146 0.9000 0.9000   0.68  1  1  1.4E-01
 19 :   3.99E+02 9.77E-01 0.000 0.6932 0.9000 0.9000   0.73  1  1  1.0E-01
 20 :   3.94E+02 8.17E-01 0.000 0.8360 0.9000 0.9000   0.80  1  1  8.7E-02
 21 :   3.84E+02 2.78E-01 0.000 0.3405 0.9092 0.9000   0.87  1  1  4.7E-02
 22 :   3.79E+02 1.97E-02 0.000 0.0710 0.9182 0.9000   0.91  1  1  2.0E-02
 23 :   3.75E+02 4.32E-06 0.000 0.0002 0.6984 0.9000   0.92  1  1  9.6E-03
 24 :   3.75E+02 2.28E-06 0.259 0.5271 0.9000 0.0000   0.92  1  1  6.5E-03
 25 :   3.72E+02 1.30E-06 0.000 0.5717 0.9065 0.9000   0.92  1  1  3.9E-03
 26 :   3.70E+02 6.08E-07 0.000 0.4672 0.9295 0.9000   0.92  1  1  2.2E-03
 27 :   3.69E+02 3.89E-07 0.000 0.6410 0.9042 0.9000   0.95  1  1  1.4E-03
 28 :   3.67E+02 1.59E-07 0.000 0.4083 0.9155 0.9000   0.96  1  1  6.5E-04
 29 :   3.67E+02 6.95E-08 0.000 0.4368 0.9167 0.9000   0.97  1  1  3.2E-04
 30 :   3.66E+02 1.85E-08 0.000 0.2660 0.9232 0.9000   0.98  1  1  1.1E-04
 31 :   3.66E+02 4.47E-09 0.000 0.2418 0.9210 0.9000   0.99  1  1  3.3E-05
 32 :   3.66E+02 1.25E-09 0.000 0.2795 0.9074 0.9000   1.00  2  2  1.0E-05
 33 :   3.65E+02 2.50E-10 0.000 0.2001 0.9092 0.9000   1.00  2  2  2.2E-06
 34 :   3.65E+02 5.02E-11 0.000 0.2007 0.9010 0.9000   1.00  4 18  4.6E-07
 35 :   3.65E+02 9.63E-12 0.000 0.1920 0.9000 0.9000   1.00 55 67  8.7E-08
 36 :   3.65E+02 2.04E-12 0.000 0.2124 0.9000 0.9025   1.00 99 99  1.8E-08
 37 :   3.65E+02 8.14E-13 0.000 0.3981 0.9000 0.9265   1.00 99 99  5.9E-09

iter seconds digits       c*x               b*y
 37   7671.7   Inf  3.6541061542e+02  3.6541062519e+02
|Ax-b| =   3.0e-08, [Ay-c]_+ =   1.0E-09, |x|=  8.9e+02, |y|=  1.9e+01

Detailed timing (sec)
   Pre          IPM          Post
1.680E+00    7.672E+03    1.000E-02    
Max-norms: ||b||=1, ||c|| = 1,
Cholesky |add|=0, |skip| = 93, ||L.L|| = 13.2791.
------------------------------------------------------------
Status: Solved
Optimal value (cvx_optval): +365.411

ans =

     1


ans =

    0.9412


ans =

    0.9872

now on held-out triplets

ans =

     1


ans =

    0.9284


ans =

    0.9632

>> 
